2.869238361544338978e-01
6.928847359743356416e-01
1.807458730786589141e-01
3.527617874179354157e-02
1.053965754778394132e-01
3.648559197056366193e-02
4.361497817760167511e-03
1.969111936988859890e-02
8.902242096089909781e-03
3.406090706364928167e-01
6.048763184194445863e-02
1.105128207441074054e-02
1.715785863761500329e-01
8.943158399411580417e-01
2.245430927362459042e-02
5.279427972642013536e-03
2.562632449269184876e-01
1.474821071304493634e-04
2.268951208014386919e-03
4.486771787459009064e-01
2.815550633201535134e-05
1.784806560932551689e-01
7.867521516263055242e-04
8.959034688845877309e-03
4.545547521528423679e-04
1.783221210246736244e-01
1.041491971787067124e-03
4.310341377946361185e-02
2.421702603777931700e-02
5.012147306729372032e-01
2.096040238678780702e-03
5.936577052913361366e-03
3.422305035344483382e-01
1.015928802619500275e-04
7.863669549476808669e-04
5.232754711930237470e-04
2.974170841126255391e-02
2.579407206507679517e-01
1.994490917596817778e-02
1.168643588962420266e-01
2.089940932822657513e-02
3.221129547839388639e-04
5.916908777299265988e-03
5.050972899304744662e-02
2.956600715179519973e-03
3.307676431216558400e-03
5.011915376271266487e-01
8.724320866810400185e-03
1.147750985068758450e-03
2.934039241457544467e-01
9.111383468386756723e-01
3.798265060530869874e-02
3.576242427299732799e-03
7.369260882887767039e-01
4.486046384296177303e-01
2.363532540701076580e-03
2.463769223132170061e-02
1.418147046305149109e-02
6.186385821869889610e-04
1.479397233001136618e-02
1.060189801686876155e-04
3.268456173339269900e-03
1.501453463564547675e-02
1.903039572066488605e-01
2.676615874303681130e-04
7.538185881857075721e-01
5.886817262964543721e-04
1.232504153744692476e-03
3.222582871132687043e-02
5.234090883661631118e-03
4.822727577399150804e-03
5.683365575726602448e-02
1.716736566010545898e-03
2.098594977558210506e-01
4.543645019882955327e-01
3.435290637428771031e-04
1.374873755511567134e-03
5.422727832599617739e-04
6.084195527566416475e-03
1.838669688262120905e-01
9.661340972631056179e-01
1.269694486354186747e-01
3.218117897754292178e-04
1.713233368634814284e-03
1.650619152449855236e-04
8.798418322881746204e-03
7.277508639159015191e-02
4.162672691889130806e-04
4.272991540970666989e-03
2.254158481361839307e-03
3.067930778831236549e-01
3.549578022187867554e-01
1.181124566173096012e-03
2.729794726739554617e-03
9.777095191628010218e-01
7.399639672911535460e-01
2.346071248797893015e-04
1.738273521759416823e-02
1.404869338415435211e-03
1.459708206427008659e-01
3.459677613133064697e-03
8.753310317418347419e-02
3.131040826143905442e-01
1.600132124139477460e-02
1.800143255912476509e-02
2.405589154409539920e-03
3.841836553893445815e-03
7.478967016204835644e-04
3.487536331984551763e-02
8.774419676279491057e-03
1.279774783896284185e-01
1.427584414316012242e-04
1.671952563162135402e-03
7.316714756495161856e-03
3.419601643048263487e-05
3.685948605909462016e-03
2.343479849799880166e-01
6.679724251340294384e-06
1.782677493403628244e-02
6.394562754374067959e-01
9.853182177254386179e-05
2.259180717367087563e-03
3.732764276072042791e-03
1.799363682688644717e-01
1.428842450470683978e-01
1.497326754671183258e-01
5.710875342053125386e-02
3.519206362327898518e-01
1.996714167887555982e-03
2.318909586875019316e-02
2.454710462105256542e-03
7.897717348081381705e-03
6.720518811639588641e-01
1.692988123720963467e-02
1.159379292321353026e-02
7.179674521759893402e-02
5.422679719898858535e-04
3.748738545041982451e-02
5.599626093885342796e-05
6.920467362449770742e-04
6.254818914599375498e-04
7.141734974888329368e-02
4.269694472414316960e-02
4.496474619664912568e-03
3.687232005225037665e-04
1.973490238354741054e-04
4.765794719471327413e-03
3.931516574812292733e-03
8.802883131189208864e-04
2.742115224929604633e-02
6.735910181773635541e-02
4.076681562396452184e-05
3.570701909060238453e-03
8.439658223385005048e-05
8.178957555568927562e-01
1.616434963973462646e-01
5.785763423830341673e-03
1.103628853868368289e-05
5.107713649882912078e-03
1.604231068197094906e-03
5.189093830667529383e-01
1.676395696430811036e-03
7.449615336932764059e-05
3.053492754612306681e-02
2.461250442588438017e-03
9.207211905670428242e-01
4.475239144880068659e-03
5.154598811816994523e-03
1.438273916955195256e-05
7.126389641084082856e-03
9.523710130933572479e-03
1.903369098216701333e-02
5.668524415568743091e-01
4.274918885060720840e-03
5.069624668286341063e-01
2.959822307100176686e-01
6.113178751884837947e-01
5.848364871162230194e-02
1.177464653563154995e-01
8.552935864904520624e-03
1.470176172781329296e-02
7.743060662379600001e-02
6.120233903200018172e-02
6.117392105897936395e-03
7.542827577626747271e-01
1.989231931112400882e-03
4.970932607088411181e-04
1.324683564146330317e-01
3.561445039123490794e-03
3.708751519801936451e-03
1.386578085855336639e-04
2.180817256636404314e-02
5.155015450411723314e-03
5.885198328634722205e-04
1.581580525646702484e-01
2.339653779015943898e-04
1.015877126868792914e-03
3.045700238055745190e-01
6.550144919973084345e-01
1.617578849846605105e-01
6.645778249362239987e-02
3.296357009898803758e-02
1.307565176603456454e-02
3.883179560554474857e-02
1.615073362548839417e-02
4.446581610307517862e-01
2.562270586425819396e-01
1.344109530734406421e-01
2.571763853089155047e-02
2.133919213667681558e-02
2.670132728497358766e-03
3.026327487562192973e-05
4.105941797288753525e-02
1.079881783161867614e-01
1.443476280350324825e-01
2.332711521345257402e-02
6.834316635140537388e-02
4.002304816871644910e-03
3.868450428905118293e-03
5.563355888970309415e-01
1.050283497743533488e-02
5.966487349276384210e-03
2.874295013988125563e-02
7.066451687429762922e-04
3.514993517550190627e-01
4.062476282024834462e-01
3.295911011073054397e-01
1.469891056307040533e-02
3.657813960780368235e-03
6.489765635226817098e-03
2.149064402935569607e-01
7.605866527003653232e-02
6.681280910736434563e-03
4.876248064661441173e-02
1.779964039142017673e-01
1.406542266029143541e-02
1.960350692597461961e-02
1.790773113355880464e-01
4.094909297731556819e-02
1.900655136570420618e-04
3.757224098993082462e-02
3.758303607080643732e-02
8.759671798158093561e-03
1.607884436255031455e-02
8.463042716009115674e-02
9.886463462455706841e-01
2.873098357064056696e-01
2.481290086173541798e-01
5.078947856735897132e-02
8.185308745794588059e-02
6.234644730401484730e-02
6.370187696466792504e-01
6.284759666856481715e-04
4.490268153619789366e-04
7.781805889481868514e-03
7.121632983362280456e-02
1.167460812101771828e-01
1.330539847216627262e-02
1.751483290645217822e-03
9.734950836004738228e-06
1.159196569615848424e-02
1.306267927960881592e-01
1.675254935948673101e-04
2.618837604488796766e-01
8.324740392709899239e-02
1.027868887974943066e-02
3.900303285695415605e-04
6.107284691862435722e-01
7.708626708419002993e-02
1.336623034972628070e-02
5.271984361175962447e-02
8.934571474129390789e-03
2.784985558617105502e-03
5.224167772006605565e-02
7.825792915480057899e-03
2.363770847725875368e-02
6.621436481339962321e-02
6.531853291054123822e-01
3.708658771657516319e-06
9.298571374078458407e-02
6.546191172102556743e-01
1.336998801561128380e-01
1.004045756577876675e-01
7.174682293804469924e-02
6.710063996702630984e-02
2.897760230690365341e-03
7.370384171382268201e-01
1.790266153616955902e-01
1.738153525750922024e-01
8.809545566200113059e-03
2.814626376852586657e-04
6.658770458184270092e-04
1.221067033491591292e-01
2.817545530176964602e-02
1.534341098374671641e-01
1.094162892124352342e-04
3.408977071025542926e-01
1.257404955434054353e-04
9.277115542186754535e-03
8.639281337488338014e-03
1.058490884516397473e-01
4.537305736682578083e-01
3.021918729895471493e-03
2.373757275720814186e-02
3.439813620019424156e-03
1.007842648624452926e-04
5.658588176919946561e-02
9.158932534076276097e-03
1.308709327976703349e-02
1.024719376601028681e-03
1.857567396268667292e-01
4.166871919731726594e-04
4.577936596825557536e-02
1.663443325290325792e-01
4.198167910738683108e-05
4.077495539068606151e-03
2.057286260214176710e-01
4.700922496072818847e-03
2.403655401139539213e-05
1.948421194291845510e-03
4.798401974537669368e-02
1.900181400246594250e-03
6.192481342370417252e-01
2.282308354027893626e-03
2.310173710106853615e-02
1.264206271995244914e-02
1.908557188758627093e-02
1.306376782665477068e-04
1.562687201101028642e-02
1.623620068807347938e-01
9.673259918250604050e-03
1.349336989654361090e-03
1.180602379612094438e-01
2.055773464855640360e-04
1.876259395338506775e-01
5.027687823568233183e-01
5.589300886776930270e-04
3.015442248356667182e-05
6.294628270652157243e-01
6.678759285007239699e-01
3.246183063381743788e-05
4.607294149545700535e-04
9.698667828908891231e-02
3.283621961129250862e-03
4.905759071339164112e-01
1.707146179232132688e-01
3.425192183295535098e-01
4.649818493946236697e-01
6.751233974228468826e-01
8.308323808346707029e-02
4.402439856547374548e-04
5.068907534908333457e-01
7.221730926560091120e-05
1.780050271795238781e-02
9.460394789147327232e-01
3.183897999929539979e-02
9.420356154894004019e-01
9.559412550072601822e-02
1.050536763266136236e-01
6.687157201843044452e-06
1.943869469781110313e-05
2.605551699378011454e-01
9.969339377341600583e-01
6.016338790453877872e-01
1.356659222361495613e-03
6.969730045237106531e-04
9.512411384223255989e-04
1.640846337762863205e-01
5.714637529101777025e-01
1.509588588172890676e-03
1.928577046498685388e-01
4.442719966058145120e-02
6.960466270866646488e-01
1.186349582754604339e-05
3.485327843221215811e-03
2.366937117579047628e-04
1.539768187839580527e-01
3.399575160140306390e-02
9.867744192248610602e-03
5.973649330430453874e-01
2.164495010841741007e-01
1.057102925330718167e-03
1.643269668379825077e-01
1.211174137198618023e-02
2.545559323094181425e-01
9.980914381332564034e-01
1.010260489404976765e-02
4.923116055695303354e-04
7.679301376230055487e-01
9.713528850318001728e-01
1.818660241011822200e-03
4.014922625953464387e-04
1.054150177813761441e-01
6.531816468606609430e-03
3.158293801579779500e-03
2.691202022621639878e-01
2.159988972987353026e-02
3.431719517975931333e-02
3.182256420071832154e-02
6.378191015930145813e-02
3.143463560948887570e-01
2.651204368395045363e-01
1.695496327003273096e-04
2.843002182422519654e-03
1.365509081213015039e-04
9.891249936952173361e-02
1.488969969642755242e-01
2.877133948456539816e-02
1.358879366803132371e-01
1.360242400341776514e-01
5.372178946409465576e-03
6.180332142736680995e-02
5.880923798876058761e-01
3.972309838370817470e-03
6.202656769456123785e-03
1.178076177564888471e-01
4.509751395401249141e-01
5.744359782449894904e-03
1.431027348707703331e-02
5.601642507308705887e-03
5.427750891280703344e-02
1.396056580304285213e-03
7.079432332007103319e-03
2.232728077868870490e-04
2.639441412588946264e-03
2.552429994868737027e-03
2.967694683234006411e-02
6.902343710100677932e-03
5.911827009624445912e-03
9.372990094695929919e-01
9.711707665588806826e-01
4.326553052125790139e-02
1.087486716824756334e-05
2.213260792940306004e-02
2.442021468148866323e-02
1.853663739604630547e-03
1.427267626280633375e-02
7.087820925951205941e-01
1.814790116555364688e-03
2.731949710297873479e-01
7.064952398805693541e-03
1.518421675516055114e-01
4.426444236640260745e-04
3.919855266773207558e-02
1.770479341981971754e-03
1.201394512841667990e-02
2.600993253282663301e-03
2.162196526056102235e-03
5.592329805862058774e-04
7.609294570392130530e-02
8.075635213816409474e-02
3.116489513412734058e-01
3.327542308531639820e-02
8.674683211722974963e-03
4.446100701803147419e-03
1.530821263883007932e-01
9.374887106358135158e-01
6.552555842025753474e-02
3.730317314377683963e-02
2.121034688922890463e-03
8.712457504995307564e-03
3.932045126376033928e-02
1.588323691797313697e-02
2.230215642230568875e-03
6.189626503119246724e-04
2.492582855802379441e-02
3.703412833279074649e-04
3.603195117393787061e-02
7.956265166851357595e-02
1.087089624155721966e-03
9.731466830136442647e-02
9.707179141104439746e-02
4.375953010468160436e-04
5.145320886569575885e-04
8.416593792871395266e-03
2.239835137301179613e-01
2.073529984981177521e-02
6.426557556057574394e-02
7.263066047338087756e-03
8.142131433237184994e-04
4.694863824380225183e-03
2.958065923078723007e-03
9.558040366106201197e-04
1.407557938457081569e-02
7.808564644603597227e-01
2.154991655961476654e-02
6.608432515955321891e-03
5.038393539828082135e-01
2.725708606576573555e-03
1.211978361608472389e-04
8.308331063013673079e-01
1.712472928132153516e-01
1.040256029362313789e-01
2.093646378211982684e-01
1.108362088030626026e-04
8.779559471296188855e-03
5.956185063880407166e-03
1.311441611039462427e-02
8.402154713496131633e-01
7.253204672483712346e-05
9.616569323199873273e-03
8.664612931024841258e-02
2.016399201073732286e-02
2.290531014202729272e-05
8.642139000987951111e-03
8.435992758054640774e-04
6.620232389419068719e-02
1.621125355211318342e-02
2.128892225577082575e-01
1.184142675051873123e-01
5.261588573088057386e-01
9.493046711535956250e-01
2.702232319657717988e-03
8.000861952990288017e-01
1.956000427369619654e-02
7.334803043730762050e-03
1.169960717584504675e-03
3.236937471531783081e-04
3.393581522700983011e-01
1.324418895473994059e-04
1.221820932607885768e-01
1.127223540619073233e-01
2.026139771610759727e-02
2.903182413406646956e-01
5.102633382458178213e-01
1.044993989044087001e-03
1.780001767491986853e-01
2.132503528279244625e-04
1.483384100671787996e-05
2.151111646823981784e-03
8.294207098375581608e-03
1.295937070395817084e-02
1.438176361563848517e-03
3.594309209243518044e-01
2.442704852659690652e-03
9.739852289996764334e-01
1.404414715947205480e-03
7.708011776371361153e-03
1.015786380667759977e-03
5.926976411523009712e-03
5.117498575045297676e-04
4.119851350870256113e-01
4.252585334370416362e-04
5.474678137873759468e-03
8.521981572726777809e-01
8.446719466713508654e-04
5.197584101378663161e-03
1.456653586418769630e-01
1.114587382203930804e-01
1.191872796994767128e-02
3.085212399114066684e-05
3.466441674340541533e-04
2.947426396774632459e-02
2.764393379837576403e-04
6.339019293655342654e-03
2.029592230316987038e-03
1.690213496063255449e-03
2.045482887873859446e-03
2.359769336195241193e-03
1.123423362640776045e-03
3.874466570178223125e-04
8.565267838272583312e-02
2.637830012904532340e-01
2.759048889312282616e-04
8.405334044089336487e-01
1.224129899722894849e-01
2.266195948219272560e-02
9.352676865327928107e-03
1.010147041212824687e-03
3.952199191071055218e-01
1.671515027315171806e-02
6.352304671119716681e-03
8.867193256172905148e-04
8.106586917856202223e-01
1.210418173482889076e-01
4.034439736783333036e-02
3.229754709660387791e-03
1.111897792107007973e-05
2.798007927318801880e-02
3.091437650363286493e-03
1.328472059806740969e-03
2.789782404449336201e-03
1.066060736442137085e-04
2.416164856870397504e-01
3.081294522767969151e-03
6.512982543113540190e-01
1.333607049485993623e-01
2.392830061646724904e-01
2.559813624359668326e-03
3.072678891216076846e-02
8.276208602034605955e-01
4.042912406705697834e-03
1.841828823566940901e-02
8.770499966623733767e-01
2.774174430128476324e-02
2.306250137512621547e-04
1.865268579606871313e-01
1.688422479981176172e-02
4.434360580652316891e-02
1.167099164105300096e-01
3.166019002932059234e-02
3.032442127221268453e-04
1.265723540967599557e-03
1.650189558014594493e-01
6.450822869135994786e-01
6.472502421230744152e-02
6.111276399075596041e-03
3.512646486016047370e-02
5.263675203629006663e-03
1.900716393728163998e-03
2.369378185558124739e-01
9.676872080749764349e-01
5.124829018331120709e-04
1.344233624546848336e-04
3.070695994647068289e-03
8.589468919990428733e-03
6.462960487319383864e-03
3.078458760426357362e-04
5.165844254295565152e-02
4.292708586364736845e-01
9.604238444162859212e-01
1.010633518413044628e-03
1.515460198373959622e-01
2.218205968753212093e-04
2.479905269874103577e-02
4.738301715065372510e-02
1.267804298639435001e-01
8.712628659099959372e-02
6.216620003167898645e-01
1.282341859970997401e-03
7.086293657942964452e-03
1.527019095484074412e-02
4.102716467080072538e-01
1.989054314158092526e-04
9.341242790214976388e-03
1.368431518795708511e-05
2.121380493380855669e-03
3.380211073001557209e-03
3.286225246349824478e-03
1.838440652605196441e-03
3.514318070113606751e-01
1.254023698869640480e-05
5.756993355290078440e-02
5.362604939734399436e-04
3.590500522879906675e-02
9.341960577258958797e-04
2.253759802971884441e-01
2.550251035538855793e-01
5.411357662322178186e-01
1.088394326540727741e-03
8.324148633156447374e-01
5.195769275213709681e-01
5.449769716016595877e-01
5.328543230692936797e-03
7.012454986685028313e-01
2.490033668323014988e-03
6.881215323832150510e-01
3.109674212453410538e-02
3.459007841029984858e-03
2.629492627840673447e-06
4.658742839573819759e-03
3.984093013208316048e-02
6.133838948286594178e-03
3.928307815618438115e-01
1.240637882945964249e-01
1.573172343878415091e-02
1.330772300012169436e-03
8.863105510548933974e-02
8.137789164638523087e-02
2.525293290704200277e-01
2.133108830457528804e-01
1.868875717272540371e-01
4.246888980540533542e-01
1.352653335405210652e-03
1.049295735197613728e-03
5.000551226152863144e-04
6.903939164188510613e-02
6.597358994233991636e-01
1.192799514518452231e-01
3.151570734343352442e-01
1.359533863373483531e-01
4.282468278013635003e-04
5.062612215577880388e-03
1.987306983003510677e-02
6.798852664523556966e-01
1.874929940142805451e-02
5.753577783619402419e-01
1.156670680124311477e-02
4.052789920682094149e-02
1.084080598564073246e-02
3.068861314559463427e-01
4.725708065259769108e-02
9.785441779264868190e-02
3.210382644125244211e-01
2.120700055967029724e-03
6.160032397835643603e-02
5.268037267361745310e-03
9.675919795789873019e-05
3.745762598642907843e-04
1.631314535274717807e-03
5.555924600116564143e-04
3.719794708433427077e-02
8.555293188481628841e-02
2.258478547332294899e-03
5.568425338377667316e-02
3.000341369669862548e-03
6.450930472233383506e-02
4.420676466316296460e-03
1.356169191965844734e-01
3.871756016171888116e-03
9.996590819969849440e-01
2.160286717843178106e-03
3.934239765997412383e-04
1.397299430121436798e-03
7.146566691632482218e-03
9.823190636186546199e-01
1.080778676688724056e-03
2.781136652491819627e-01
1.005221463931584569e-01
3.916228968234590768e-01
1.559997155617103837e-01
1.812168049477210219e-01
1.998581817941638972e-01
9.617978906246622828e-02
2.322129392233591647e-02
3.933369995801612104e-03
2.622145376756521845e-02
1.479733671159320085e-01
1.341649340472162721e-01
1.295830839955868950e-03
6.358544654128679870e-03
1.153453065360419798e-02
1.739788228070404108e-05
6.277389928620415345e-03
2.239203859423748721e-01
9.902397675046987341e-03
3.591795981982087282e-03
1.010855953459758733e-01
2.635041017715743505e-01
8.960271916661585734e-02
1.870129443210346298e-01
2.331373515008551024e-04
1.252640047904476917e-01
3.961292203800131223e-03
4.967457873893700582e-02
1.223211486110264631e-02
6.167125902976919316e-02
7.855780730060287764e-01
2.400401963631430650e-03
9.001368231867789768e-03
2.977724651161147741e-03
5.737520384534395834e-01
3.157083085404152698e-04
1.769907856795871481e-03
1.650510205538158193e-01
9.073313794921391466e-04
9.352829699898567162e-01
4.070623404799966205e-01
1.867344944355313896e-01
1.072275047247153029e-02
7.297083470437814787e-03
3.452789133491712681e-02
4.158023456143487007e-01
6.683743556565415248e-05
1.942430246936873925e-02
4.536337659512621606e-02
7.706305086765569134e-02
6.356567462675564127e-03
1.430283472971652023e-02
3.814552035260722618e-01
5.006292605596101009e-01
1.943680731505163517e-01
2.693215937073505373e-01
7.738991526137688833e-05
3.441511919937923435e-04
2.389375827806474242e-02
3.363475907959219691e-01
3.720575934926853654e-03
9.213711202548660606e-02
1.423921304474765797e-03
1.393516428621981466e-03
1.477631300497101244e-02
2.402301415806617768e-01
3.482263052965336309e-03
3.773790762137647914e-02
1.376411631226944973e-02
1.419455402471838691e-02
8.534963032407770814e-05
4.917051985538514747e-01
9.767839371565324464e-04
2.849853562733326712e-02
2.584632133391051231e-02
1.806387755101048487e-01
1.157363509957222703e-01
2.286600138981974839e-01
5.765946043722481457e-02
9.162110389040823213e-04
1.804943620602609544e-01
3.980388645313243101e-02
4.714077996534118790e-03
8.950045684254046170e-05
2.245859283930776440e-01
5.873885549736141548e-02
1.307986325456001256e-02
1.279779716286157977e-03
2.034041970085498472e-04
6.833695275999270846e-01
6.255395802112309915e-04
1.826810935083556756e-04
4.415170878751307505e-05
2.544818023241508104e-02
2.478799370080949638e-01
4.297419815764775414e-03
7.941546978530592549e-01
1.918754483271150058e-01
3.271281125362782843e-02
3.468629802586624313e-03
8.659313679614165371e-02
4.913041779785557589e-02
1.780890585114483504e-01
4.352704286290353525e-02
1.883362651465633406e-02
6.956542294357702660e-01
1.558544167388364321e-01
1.418052501811279049e-04
1.227856067126062347e-03
1.818316429162762128e-03
6.346368955483217521e-04
7.803929829018267650e-02
5.402547021993604951e-06
1.671391502700158562e-03
7.045583677273448142e-02
7.150369041950813132e-02
9.655597256507302273e-01
3.625229288583935714e-04
3.121740098892133216e-03
1.243829882905349857e-03
2.715074652072490532e-05
4.407821608042968020e-02
9.592526927816889815e-02
3.548563175019586627e-04
9.867602830186358309e-01
8.072204105571257173e-04
4.980371820512161183e-04
1.613068717784559014e-02
9.953054640911072892e-02
8.880517047402803135e-03
3.512610425291718408e-01
2.956961049407496045e-01
3.221505979918130869e-02
1.391974875829803029e-03
1.324837093928344202e-03
8.075794611208149268e-04
2.613363923382046039e-01
1.106192539348535868e-03
2.157535902603606101e-02
3.861413154809074932e-02
6.923757949724885785e-01
4.213814616005781000e-01
1.221136634273816898e-02
1.913714808377798282e-01
2.608778016742652195e-02
9.116598244094912748e-03
8.323529906872498621e-04
6.713887446725100468e-04
2.061424203920437462e-03
4.955547436838683151e-01
9.806388202288741918e-02
7.402833200323886975e-02
4.110514731454671666e-02
4.632314293730742209e-03
3.710769488103477509e-01
3.821493429700705598e-03
1.312709071876733483e-02
2.295501492926943325e-03
1.199647395274508656e-04
2.119210451472141807e-02
1.806455832341105188e-05
1.160998197394907385e-03
2.756080922800386093e-02
2.875692591941798534e-02
5.331614627858979882e-02
9.792854674641675132e-04
3.070215942911590765e-04
7.902575869127057007e-03
2.914891247063033236e-02
7.133791493258250238e-01
8.379330991708936263e-03
1.479158881582689870e-02
2.243564058965986311e-04
4.203690205584961759e-03
1.292173916895097041e-04
1.924940727710192220e-03
4.512661317023736879e-02
3.699457758500860477e-02
2.634209535841539052e-01
5.376845836966119840e-01
1.280664813584733806e-03
2.669032990833315570e-03
1.475503131400106860e-01
6.074877392555066979e-02
7.000384666804301999e-03
4.168918758729243360e-04
5.241958008424264228e-04
5.010451036031921337e-03
1.260333204653929333e-02
1.350062267219607863e-02
7.249652545423339312e-02
8.068835608264205428e-01
5.057328051032222715e-01
5.031953383968210819e-02
2.269271863486714905e-02
7.226615412957600182e-02
3.861927853310404918e-06
4.043951630769940242e-01
9.528870913793832109e-01
9.127753244499771101e-01
1.513681390272184624e-01
2.013456472081666892e-04
6.848137181880724692e-03
2.545529136548638910e-02
5.180115997055960257e-03
4.122585226074594058e-04
1.657476592299823026e-01
1.935478852434774919e-03
4.970277388393679573e-03
2.036586520232839745e-02
4.639059327864635679e-03
2.838424759377859014e-02
6.580321470235785510e-04
1.380947249881880889e-01
1.016710132135668909e-02
5.424030637109208096e-03
6.103772016443814730e-01
9.011464328353764319e-01
6.620388204066282589e-02
4.455480181863773551e-03
6.723372196339903739e-02
5.886231741617322012e-05
6.213908572659970764e-01
1.285315297559644875e-03
1.454815937495096412e-01
5.209897056489642964e-01
8.415383049644824531e-01
3.288439959460761047e-03
6.292580616260727844e-01
8.495006535149614985e-03
5.041786590401719191e-04
2.442875343586345740e-02
4.353812018737769022e-04
2.478165770105817955e-01
1.989550243519743912e-05
1.994538766350165474e-04
1.685844708026233382e-04
3.881931608264615249e-04
1.883710055982686614e-03
1.021792699697457035e-01
3.954598504054818858e-02
2.178041589589561067e-01
1.772078846886990244e-02
9.173360480925532023e-01
7.581086864111871715e-02
8.939394891829104952e-04
7.212846425989727188e-04
2.470833643937157820e-01
1.086855470846042156e-04
6.367037815157529888e-03
1.682286866121495339e-03
4.272363271329410704e-04
2.196840552239168465e-01
3.164629371858112628e-04
3.235432469088042051e-01
1.571576862016115794e-01
5.866787032783944006e-03
9.258779301110532526e-04
1.424707148063308615e-01
2.796438211846277722e-01
1.927212989084716235e-02
5.417212522172765166e-02
1.407921448350334288e-02
2.128163053938984979e-03
4.643404353458438147e-03
6.133014978347117296e-04
3.858112260949977251e-02
1.177015801156652086e-05
1.439909094949528255e-02
1.875276157393715676e-04
5.697379473578608432e-03
9.350990389926699953e-01
3.600798858183965057e-02
8.135457526135999803e-03
3.620614349919224211e-04
5.909450609735921595e-03
5.416818627410838888e-02
1.841701286238264269e-03
1.910852810498704993e-02
1.217333184595535134e-01
1.793528358827886041e-04
5.937512482540670267e-02
3.071799869438362474e-01
9.968395494330929418e-01
9.304080098287195177e-01
9.901744765907323220e-01
9.870293305375598125e-01
9.904951356066590273e-01
4.723487989122319708e-01
8.342263341945230781e-01
9.004737383981200605e-01
9.970124184239519405e-01
2.989979081264647065e-01
9.629122074470815029e-01
9.614825243203295457e-01
3.628402445686219613e-01
9.973046968404261081e-01
9.813122327537043832e-01
2.646731188306391536e-01
9.863159774111363021e-01
9.551952251314175246e-01
9.701345743701902391e-01
9.590548181957813112e-01
8.595613489693918474e-01
9.993487095862715330e-01
9.909794391247619405e-01
5.678828744395658656e-01
9.838111833832543507e-01
9.682094729508206044e-01
9.197758907222772784e-01
9.582633603159138591e-01
9.892639709042337914e-01
9.076509516077732043e-01
7.973351275048978781e-01
9.845155933576169582e-01
5.866751601784830905e-01
9.948690322980272560e-01
9.995991296739081822e-01
6.624173551007785932e-01
9.950416088057943975e-01
6.646262822365055500e-01
9.720280570191921488e-01
7.538460816958303390e-01
9.347762939298217555e-01
2.994196983807662082e-01
8.479928765412850789e-01
9.763863583399442492e-01
4.859932060760372985e-01
9.474150741633783346e-01
9.493537776059824962e-01
9.513489762589464327e-01
9.978432010177702427e-01
9.984529171914964252e-01
9.757430821958107403e-01
8.565546929184009173e-01
7.105109597027872148e-01
9.930460443508531965e-01
8.791071845785877192e-01
9.713664488041527934e-01
8.176010269054773127e-01
7.790375550276948946e-01
9.990520381444039089e-01
9.256026151985579098e-01
9.910123320886190523e-01
9.890303425614229704e-01
9.969551982885164199e-01
6.334068872742572021e-01
8.277700483619374605e-01
7.731017606424659405e-01
2.583820850182762530e-01
7.267805485568351598e-01
9.521073158220059174e-01
8.753268956347344254e-01
6.132871789788229000e-01
8.680952851546837046e-01
9.537590854552913111e-01
6.291573754495544124e-01
5.962575296587290241e-01
9.975977544055999457e-01
9.201522398577727246e-01
9.943757622846405297e-01
9.471117254524725748e-01
9.995617332996631355e-01
7.863693017635221549e-01
9.797380737487589863e-01
9.607438591320751620e-01
9.797190022783573982e-01
8.810783741823035031e-01
9.447598391904178383e-01
6.017689250912016119e-01
9.328466609126225828e-01
2.644472687065681504e-01
9.452352622036456209e-01
7.765968490316773609e-01
3.362349492104411142e-01
9.928071017889370520e-01
7.975316496986886161e-01
8.741231675483510655e-01
9.460332421854890095e-01
9.020218705583278318e-01
9.480798658759033160e-01
9.940821145110841917e-01
9.574903742431916109e-01
