5.086070857745944584e-02
1.994223012601049061e-01
3.897097771432649765e-02
1.110477116074560545e-02
1.283651133647359041e-02
4.266440036319072565e-03
1.235455110644672564e-03
5.410381054202529315e-03
3.156948324732131075e-03
5.463660777226708037e-02
1.739894821466869690e-02
3.156523150419288624e-03
4.689518436790544864e-02
4.159382834076995050e-01
8.393194973065849773e-03
1.560830848522960909e-03
4.152483078296305419e-02
1.028937241759974539e-04
1.088976987299819770e-03
5.723037575939510929e-02
6.889668679242839122e-06
2.588124623391702475e-02
3.684837947858026169e-04
2.611942942144430523e-03
1.772460788134296223e-04
3.146801706500216428e-02
4.993068361230350999e-04
7.834249099348537804e-03
6.786833497624755566e-03
4.543265984578588601e-02
8.892589245649045382e-04
1.884706366001893821e-03
4.881345212322069776e-02
5.405828646870618838e-05
7.004544221355968629e-04
9.946124055956360403e-05
6.498034766767277030e-03
1.343719669059730004e-01
3.800179832986898525e-03
1.736768199274441732e-02
7.906374702139753324e-03
1.864901183661900981e-04
8.190192242382849904e-04
1.642033957806754429e-02
7.809697599239826373e-04
7.552086344243776669e-04
6.893436218161159978e-02
1.373840617247221521e-03
3.047115958428000030e-04
2.734549761395549047e-02
4.444530895038290019e-01
7.350405920666436277e-03
7.886206485084476482e-04
2.046255131776605063e-01
7.996457663245988556e-02
9.429485259778049152e-04
6.103522443887512798e-03
5.692257322203026458e-03
1.278229141270283153e-04
3.106721302999710180e-03
5.231614889554362535e-05
8.518982574384684594e-04
1.412790736588511462e-03
1.773157713435845675e-02
1.490963758980342539e-04
1.544131745388878929e-01
2.553907077289450348e-04
9.046240599146370851e-04
3.961914075568200543e-03
3.233545957918325386e-03
2.420662565785915588e-03
1.259089155118053686e-02
5.396851575137528350e-04
2.993473873642254687e-02
8.990955015446734644e-02
2.128598743827475788e-04
2.524656863226959437e-04
1.841601632734816475e-04
2.253261026383471255e-03
4.471192351094038786e-02
4.705803856841873634e-01
2.169734639157260350e-02
8.343494041577537764e-05
6.371764468113749399e-04
5.098535993654874026e-05
1.182386313251406048e-03
2.674965124452425777e-02
1.839706483253600745e-04
1.533904830328450958e-03
6.353025980293654186e-04
5.126167060325848707e-02
8.809747057704779560e-02
1.877052510921404399e-04
8.040574460994004240e-04
6.805290421939269585e-01
1.262754545489540858e-01
2.614148991451319538e-04
4.468411832784423277e-03
4.100063879336487234e-04
3.299388294840836094e-02
1.332199278942320904e-03
2.235138737261060590e-02
5.306573073027315290e-02
2.193537391552256507e-03
5.698020922572467895e-03
8.896706914799984347e-04
1.385274152969526509e-03
1.444770855807935429e-04
1.148422620061292920e-02
6.816259023925466936e-04
9.528431778424861429e-03
6.645113510654370099e-05
6.417847123514499154e-04
2.925723210142276709e-03
1.819165389460371222e-05
1.615660768860633029e-03
3.615487415274450111e-02
6.712387418527925341e-06
3.055626131977213535e-03
1.164453292349641733e-01
9.077620964838465745e-05
5.542723212207985176e-04
1.061605935856675328e-03
2.534130190130973181e-02
1.823506424154126143e-02
1.495703986323039351e-02
8.654970653410778286e-03
9.587977299203984116e-02
4.626240362891211977e-04
5.713784443417529654e-03
1.605089854273020243e-03
1.770536916201834740e-03
2.071125133606188662e-01
4.723004059843878381e-03
8.225421135456512881e-04
1.443928422529455052e-02
2.561150767228693873e-04
5.202523938406465077e-03
3.268945152567903368e-05
3.884178483354457328e-04
3.263809156914742270e-04
1.347694759938940744e-02
5.153030047965518126e-03
2.619468238931226597e-03
2.471721550298121056e-04
1.494086761576921636e-04
1.521963422263625633e-03
3.779280983061852721e-03
4.139926036620402393e-04
8.020189114345278522e-03
8.331738908361445081e-03
2.062704182117817086e-05
5.229326603147204777e-04
4.411110510798393316e-05
2.491591628039146189e-01
2.049904789282534778e-02
1.988681144844947190e-03
6.432730338857545459e-06
1.478322335610007462e-03
1.256168772754302386e-03
1.258366418353645266e-01
3.728991924738321150e-04
7.230847797282180316e-05
6.605272653674571642e-03
1.139458418883352578e-03
3.830319960692364356e-01
7.439045569898941872e-04
1.110771769995668118e-03
1.248396685067154472e-05
3.493259171149162845e-03
3.570819086196184555e-03
3.348964201108352474e-03
1.712103772152870629e-01
1.960841642883700327e-03
1.296428919061927698e-01
8.698607188812780555e-02
1.038520915988081217e-01
2.449654714177883913e-02
3.048689624096210041e-02
4.273630616107054747e-03
4.900064701147867179e-03
1.922071903468876297e-02
1.379846087809930184e-02
1.963241171775749125e-03
1.689076782999749393e-01
6.639386611367271637e-04
1.128602334805381532e-04
1.432044231487082479e-02
8.456458119059424459e-04
1.610412897114778166e-03
4.994528056351388567e-05
1.995474810694610954e-03
6.793729611469342044e-04
2.307637300784768264e-04
6.753714582007964984e-02
8.580034812041183591e-05
4.757938131018732289e-04
7.034425974525415626e-02
1.250545173501581009e-01
2.227515311786192748e-02
1.253838129809532916e-02
6.242814993866826687e-03
2.740026620256829411e-03
1.515478908811098736e-02
7.715757712107138185e-03
5.644590752235971454e-02
7.829079164573325700e-02
3.171245183636358517e-02
7.215391495430178471e-03
4.907742015289652017e-03
6.559084777826556384e-04
5.086404844610682626e-05
5.319982965072200115e-03
2.985917704722218860e-02
1.958101617609222383e-02
9.022974790503466083e-03
8.701562250554309430e-03
1.188683431546466805e-03
1.296612223330640594e-03
1.127055033919827226e-01
4.640546255752959343e-03
1.987825055075708672e-03
5.009493702829384380e-03
3.467886941917222815e-04
6.062849822169037728e-02
5.122754443836450428e-02
4.616816579067635484e-02
2.783389208670065864e-03
2.158588868720759304e-03
1.892796590240414028e-03
3.156445658128271409e-02
1.503117499779648564e-02
4.140163166831490986e-03
5.694389703240271793e-03
3.411150429740079926e-02
2.671288833696855870e-03
7.388770847161239830e-03
4.006718228043018581e-02
1.112330467498182270e-02
5.390373106389421775e-05
1.454707301866418369e-02
8.041818285906698546e-03
1.804702219305113608e-03
5.548615837949675590e-03
1.398138784639881699e-02
8.392882667723258194e-01
1.881825767043073319e-02
5.372552334965692566e-02
2.850992802517153882e-02
1.452258610663793685e-02
8.081314959790239505e-03
1.434574072307000514e-01
2.210006832846812006e-04
2.634182119278694230e-04
1.774896231685160622e-03
1.019876427634531721e-02
1.873269513182756682e-02
4.732112247200210946e-03
2.710494685084622094e-04
1.574098669238172826e-05
4.275867967851081433e-03
1.195137387400717691e-02
8.707176337032657978e-05
5.074819587245069791e-02
1.871539167358493572e-02
2.077776879071947542e-03
3.891071294744835704e-04
9.041103464876142082e-02
2.176470458403905947e-02
1.782319624404151304e-03
9.850060083338730774e-03
1.565464295473530760e-03
9.306448044196695499e-04
4.125758980069366144e-03
9.418737758636721094e-04
7.042041923010895765e-03
1.078411968554241276e-02
9.620967474007161013e-02
1.311344581139326887e-05
1.503848578608120087e-02
1.189636472940137496e-01
1.685298345387377383e-02
9.175939843758685460e-03
8.813107692879487004e-03
1.359482110111887021e-02
6.456749801668665604e-04
2.013759568518629084e-01
1.944395222213013419e-02
2.599053765906647606e-02
2.367511259268580658e-03
2.187864584900895651e-04
3.621142441053719525e-04
2.008179294668501966e-02
3.631171519448946842e-03
3.373919729030493836e-02
7.121311586399569542e-05
5.334316873258209551e-02
1.199174764590775656e-04
1.975091554989620666e-03
1.813038918742465241e-03
1.979395574417999737e-02
9.472428512694086589e-02
1.013946919549256996e-03
4.412821649497313502e-03
9.665582196341107688e-04
7.142183813860548155e-05
1.293153040451695997e-02
3.327559768766392024e-03
2.216713838574048672e-03
6.919730263094861890e-04
3.716636033751337387e-02
1.663194095955531715e-04
1.841156618437876646e-02
1.992265552464198702e-02
3.339198136431951899e-05
3.050529864638283021e-03
4.014869581936034854e-02
1.388827104058629582e-03
1.431015232189411354e-05
5.123782819603674545e-04
7.918877973263679232e-03
5.874811265911614308e-04
1.414704701383202035e-01
8.131592153760973125e-04
5.441972175476259173e-03
5.147732098286734136e-03
3.483653515492476146e-03
9.555001127424502460e-05
2.502450073039374275e-03
3.363850655879535578e-02
2.745583542403909772e-03
2.729328212593709830e-04
1.437360036848167599e-02
1.627978805776441479e-04
2.192897055650200669e-02
9.308711603317644523e-02
1.545613551693190307e-04
4.246955453001113249e-05
1.695711932484434969e-01
1.139825582399598414e-01
2.396809863234742181e-05
3.309982051839247463e-04
3.305672977286169822e-02
1.574385911232015819e-03
7.043047872423757738e-02
4.548099541594221445e-02
8.778122639860141962e-02
1.098768504719562916e-01
8.491100747900119650e-02
1.520248967840933177e-02
1.221060099944240975e-04
2.877060510583047057e-02
6.359767616832556227e-05
5.129512618646540380e-03
6.454496139342779104e-01
1.238791114518644244e-02
3.943873243153691588e-01
5.851200199564076179e-03
1.548702692955074116e-02
5.018013874049012076e-06
2.415776926560667546e-05
5.169801443441699590e-02
8.551116993996817905e-01
1.770422786222081157e-01
6.034501951639964588e-04
2.106146820093602820e-04
3.288614902976999630e-04
4.722182639029370160e-02
7.288668782179866246e-02
3.897004576237658529e-04
4.261156045581420554e-02
4.166042569058462687e-03
2.726393021042678444e-01
1.461316320615311969e-05
8.979194796994069937e-04
1.058619878575174753e-04
3.017374751697170232e-02
8.806034184506527154e-03
1.734991593455739592e-03
9.612989496964814695e-02
3.038341778521562800e-02
3.318015739393974221e-04
4.250571602947641331e-02
2.384993477764218561e-03
5.285486115768945475e-02
9.588678359681304109e-01
1.749630440843964914e-03
3.176444755030239015e-04
2.190707454627375816e-01
6.079113386683033804e-01
1.366524811605206039e-03
3.460795009693546547e-04
1.486960525044638166e-02
2.445480661764665945e-03
6.890228910757459227e-04
5.926521705679454327e-02
4.069445098774836060e-03
7.831528511497607217e-03
7.270887190584787718e-03
9.850359375616780239e-03
6.557397645316287438e-02
5.179266873978663477e-02
8.585632057187035865e-05
4.454771093982387901e-04
1.385010588999210945e-04
1.842994537144752171e-02
1.628835876684623166e-02
3.466215836812483811e-03
5.094875007469498035e-02
3.474664253919892976e-02
1.778869395934619922e-03
9.298444245916290263e-03
9.524814024802907841e-02
9.818508557736724523e-04
1.078440712966511304e-03
1.495936519882286667e-02
5.129828181375715307e-02
1.125466921236574968e-03
5.142939253177648135e-03
8.873799576143635544e-04
1.002645417617403431e-02
5.133986964263571005e-04
2.696577540835144813e-03
1.237195703358580216e-04
5.100012563234883117e-04
5.697570960459590007e-04
9.918164778276622115e-03
2.141370296584836630e-03
1.800664817001888449e-03
3.000661687453308746e-01
5.640856268632876702e-01
7.753304196208721071e-03
1.132747232772720961e-05
4.775736541017278763e-03
6.037017747241313521e-03
4.323607213511526529e-04
4.606741055043701502e-03
1.174494643065612381e-01
6.279879462806683965e-04
1.675298721592104537e-02
4.287041781791674916e-03
3.333106544770284008e-02
1.046215348562772014e-04
7.734272975770244488e-03
7.711713464438608697e-04
3.406756035050763874e-03
5.128033348529005509e-04
6.317231557020720539e-04
2.831841734518998339e-04
1.851992773035416456e-02
1.972286408668707733e-02
6.796206986806137273e-02
1.284625129030444318e-02
3.095684753849034434e-03
1.392627037180535141e-03
2.517210435538637728e-02
6.386886162419532775e-01
3.250500738571020232e-02
9.649127415920133802e-03
8.439722596052615664e-04
1.484695640010770578e-03
6.098125179507665056e-03
2.869113111948378911e-03
7.213748827896131069e-04
5.288172220868383967e-04
5.402913673172612778e-03
1.431189453805954432e-04
8.720124232323017699e-03
1.489828761494610410e-02
3.743222580394620427e-04
2.420283495713939151e-02
2.188413596449779661e-02
2.445848907981042273e-04
1.280764693086653869e-04
2.225378899283354459e-03
3.206896642888805438e-02
5.256503904164279081e-03
1.536238711035277892e-02
1.119795015300899255e-03
2.569492045131833210e-04
7.544691986029738182e-04
3.296770198194399343e-04
2.500128668378393329e-04
4.369359160605638774e-03
2.590457129395163927e-01
2.909030789811226352e-03
3.328614204671412769e-03
6.071673391585624691e-02
7.333816356304945997e-04
4.181200095130642203e-05
2.406205738150223872e-01
1.849985682735367717e-02
2.379838337847227717e-02
3.637844111164394850e-02
4.649745655999456873e-05
2.828155864616888667e-03
2.631586472736278937e-03
8.090382476001616724e-03
2.227533861513499025e-01
4.532097588872901844e-05
1.591890933935511494e-03
1.852477074052864478e-02
5.264332019228312558e-03
2.871897482844539150e-05
1.923155913632044979e-03
1.733113198241935176e-04
1.013639398151733317e-02
2.190008532035119318e-03
2.126499558816773855e-02
3.211105199675920452e-02
9.580316239863044536e-02
3.486922686726660059e-01
1.345518847904879529e-03
1.969156329841282582e-01
2.602524245332632838e-03
1.759423343289425075e-03
4.663818661275070422e-04
1.031464015529441261e-04
8.619141403512187161e-02
9.575907545501386234e-05
1.302058101261340667e-02
1.840777702621699402e-02
6.071300640641283039e-03
7.906818435449318450e-02
6.005984610383238026e-02
2.463185572107822710e-04
2.264326565892802248e-02
9.509162526726575373e-05
1.115973254692693289e-05
6.147508115960954042e-04
1.527500957881823117e-03
1.055239951726450603e-03
3.860990242188327677e-04
6.004749779789018971e-02
6.068244579178150517e-04
6.594883471258675689e-01
5.369220474945754452e-04
2.960294974558633479e-03
4.141590724954251801e-04
8.048136194488100977e-04
3.811581940043058236e-04
9.143271350725203084e-02
5.046045561144397312e-04
2.649962813601763716e-03
3.168943018865638672e-01
9.005271865765605496e-04
7.242777249882386640e-04
1.637338560910285221e-02
1.598470126438470904e-02
1.527682440355168821e-03
3.455439553755153883e-05
3.654932730367435427e-04
4.982361265062465287e-03
1.905145726734380480e-04
1.649894424332947742e-03
6.909816624144057883e-04
7.465352488731104817e-04
3.686442687498478997e-04
4.004414868802135246e-04
3.112454300394416982e-04
1.478145012066009261e-04
9.128179606641924348e-03
2.344445330412349773e-02
1.565838221186798159e-04
3.132933822551494107e-01
2.116277588374581783e-02
2.955990184904270634e-03
2.955466140311813292e-03
4.159224196469735223e-04
2.999537297718566503e-02
1.538891667580769224e-03
1.808517919866447707e-03
3.407580420166108725e-04
3.372980217870789055e-01
9.281985464570135375e-03
6.644777620341057317e-03
9.606528262930114342e-04
9.670251643163010224e-06
7.461034943186782217e-03
8.677394786862176928e-04
1.779295232157795503e-04
1.531223675323429949e-03
5.976679215552261140e-05
5.134882607553695882e-02
1.320219717627953019e-03
1.509788736685180877e-01
1.289848491340790312e-02
4.297665153833619273e-02
9.786048756032488666e-04
5.065435653885434590e-03
3.025397547773513440e-01
1.131564858807854960e-03
4.806031116661382482e-03
3.465295866922598056e-01
7.509931041077244976e-03
9.588330613871759683e-05
2.498470120613725809e-02
4.476326371434251501e-03
8.232742525896492511e-03
1.914172647024716539e-02
1.041344104716594894e-02
1.244081467797438010e-04
4.633876523661287824e-04
2.295701009091185782e-02
2.320635486024158756e-01
1.608492417251967607e-02
1.468653587703645834e-03
4.414570448836151878e-03
8.524232241524563013e-04
4.316119792791813306e-04
5.456655652485597335e-02
6.424747966772698105e-01
1.431195881653959544e-04
1.645022436949285672e-04
6.891577555291409068e-04
2.850250010301309637e-03
1.502345014809584964e-03
2.392657520260533079e-04
7.245312397063995678e-03
7.877065907149884139e-02
4.938315270097958787e-01
2.238659383877933721e-04
2.885366880234383272e-02
1.428140943671498417e-04
4.469992880377890269e-03
9.555503348087310625e-03
1.119058717539302659e-02
1.407907039630001272e-02
1.718262322898862493e-01
2.343203822403884496e-04
1.485970913718496567e-03
7.807645587464998732e-03
1.765461504209327182e-01
1.515087257805557044e-04
5.226324224105012399e-03
1.439209469866303861e-05
7.880388021457386321e-04
1.470337267306099944e-03
1.654490316817259273e-03
7.480735117862993529e-04
4.547404767231343764e-02
1.366943452478998890e-05
2.126236924432051145e-02
3.277170181542405822e-04
9.282557755313150874e-03
2.986535779582628609e-04
2.036648699130498563e-02
3.089923325647559588e-02
1.350136512186988769e-01
4.241150034122869741e-04
1.995554989436189863e-01
1.122488750802702051e-01
1.906597707063787117e-01
2.995776027249901462e-03
1.394528060494316379e-01
6.985879944082235959e-04
1.704464501940672894e-01
5.016861568159482199e-03
1.157334766481602677e-03
3.902708113059167814e-06
1.265793533808840746e-03
9.308091651407229480e-03
2.083039969161506761e-03
6.035628019199131694e-02
1.607622378734890542e-02
4.736653294447832827e-03
9.136253435257066279e-04
2.358066309558472587e-02
1.182467460320832039e-02
4.350122181848505021e-02
2.838185639571096097e-02
7.984168196333688711e-03
5.044813016756961865e-02
9.719880380812624459e-04
3.730189721746761822e-04
2.023736644670874401e-04
1.830777288086997412e-02
9.807444271891081755e-02
1.819345774645444655e-02
4.027568024001888791e-02
3.869180620084012451e-02
1.613137063391990769e-04
1.341623675888268218e-03
4.861295274363065105e-03
1.956543632378453801e-01
9.430499830701695105e-03
1.347564771814550588e-01
2.448300817645425367e-03
5.339891254203234239e-03
4.960803936622648971e-03
2.199812487525397084e-02
8.136497953854480991e-03
9.756390286235113937e-03
6.138873629877165256e-02
2.846682796605876759e-04
1.180289884704486050e-02
1.485502473662761664e-03
6.177203939284344294e-05
1.951773617362222396e-04
9.169457915460760365e-04
1.581577224168605688e-04
4.157470223694692026e-03
2.108161807810390170e-02
1.558664642140515427e-03
1.083795390435719763e-02
9.128183957033030515e-04
6.796575985701990529e-03
1.134534742543048510e-03
4.521337601206559115e-02
7.357216600084284970e-04
9.862389095284163076e-01
7.017752518118522626e-04
1.543016484707445486e-04
4.688331579417359045e-04
3.908916127746337940e-03
6.172681603938491302e-01
1.214107144329007806e-03
1.878901522433526830e-02
1.731243866904399326e-02
3.906585067911417380e-02
1.283354803993337796e-02
2.646649775435248528e-02
1.782236649159724476e-02
1.286107982645937238e-02
6.035565380403186062e-03
2.861044303992182967e-04
9.362784069757365546e-03
3.017692742091152361e-02
1.291420702109353537e-02
4.250060280298634946e-04
8.117036432154055162e-04
2.039339118919772289e-03
1.448238075650681507e-05
1.755110291312204224e-03
3.047831801353545131e-02
3.588142868853244453e-03
5.436344145705158080e-04
1.825471489074270703e-02
6.052258452159872681e-02
3.841971694449330954e-02
3.781709361358755184e-02
6.301576085147750318e-05
1.551951463920975445e-02
1.262718480865923816e-03
1.518459864952608276e-02
2.159573635370926146e-03
8.952514425935333836e-03
9.994009916307738939e-02
1.287085305382225679e-03
1.487064851008622693e-03
1.820829553301719483e-03
1.528315054501042936e-01
1.046641628471598829e-04
3.494602737809483837e-04
2.475429862278392956e-02
2.927014522867614032e-04
4.845548562682000515e-01
6.700124122915604441e-02
2.458443160134999098e-02
1.063807093844344135e-03
1.361261346723356518e-03
8.226250352421539055e-03
4.659494791373339911e-02
6.104637795069267256e-05
3.671927976433523623e-03
3.148884789005791055e-03
3.561523773950148793e-03
1.949284269165516394e-03
1.187508808631379184e-02
5.679327565898473207e-02
7.782154421879321216e-02
2.397392546295873395e-02
4.501341175231177855e-02
3.114462453372875399e-05
2.539801476838476858e-04
6.829785800672369227e-03
2.910981727663163043e-02
1.402762488123867821e-03
1.263418346476602276e-02
6.080106667859144342e-04
4.094513735762571349e-04
2.317620037266447143e-03
3.776674649770758729e-02
1.747761269167336009e-03
7.222919323131646828e-03
4.741661488721936497e-03
3.707823111999664599e-03
4.620666353098385815e-05
1.153921715991010483e-01
5.773843036971773373e-04
8.862310999364349934e-03
6.962422719712491222e-03
2.016761070533846720e-02
2.585405346024032686e-02
8.798249666597383889e-02
8.926962238384036560e-03
3.172599634144162976e-04
2.315978094310557414e-02
1.161420544324204968e-02
9.087148577362695167e-04
3.779487947223364355e-05
2.543990347719583128e-02
6.349855505163754313e-03
6.367679455730235888e-03
5.143007517960012992e-04
1.268663123172519228e-04
1.548087261697398687e-01
2.787773115527190796e-04
3.031823927742760739e-05
7.601859287837100707e-05
4.514674686631742553e-03
2.933207758144180596e-02
3.261719201384205482e-03
2.701691320720774336e-01
3.882848043793873244e-02
4.246504162256780832e-03
1.056683853057601439e-03
1.207448564801000615e-02
7.971933079259611518e-03
4.934391450220179665e-02
7.671144465720664690e-03
4.908322688144748334e-03
1.819401989836132716e-01
2.395001875066454441e-02
5.328982585802897413e-05
8.997789744278382809e-04
3.639414882797840684e-04
4.642580870367541595e-04
3.035272853993700032e-02
6.626860364893169806e-06
4.321220035855163314e-04
6.576110862755404039e-03
1.290953829280029955e-02
5.771028826219873897e-01
1.274071565322202997e-04
7.414994300780870318e-04
2.344511870599631364e-04
1.481408622307604139e-05
1.364140439885605516e-02
2.368022239097120757e-02
1.717259937356748162e-04
7.752783795451008153e-01
1.933932574992874734e-04
1.253456177534651762e-04
8.019765138378997377e-03
2.310546647019454808e-02
1.865689179402140081e-03
2.667643518986328316e-02
5.460433456886268355e-02
6.833513278261130544e-03
2.496658035112857082e-04
6.387035539481528785e-04
3.899789194658116200e-04
2.970867660820365394e-02
3.753844702215871818e-04
4.165261735229923781e-03
5.975481684606772682e-03
1.040522775217946477e-01
6.207896233873828190e-02
5.924332291370591752e-03
3.032854873587462197e-02
5.733588679916440389e-03
4.243103669816838085e-03
3.958190704470063550e-04
1.768876844656036909e-04
5.088362057022191793e-04
9.404312265936373705e-02
2.358516690587349196e-02
1.036788020152611643e-02
6.633658688445023821e-03
1.079734696099105169e-03
3.708060508996286614e-02
2.986456407398874798e-03
1.639773833316633114e-03
7.583580172948727743e-04
5.007079477847001307e-05
5.853124219688762321e-03
4.193497094854440677e-05
9.722041048087530979e-04
2.653386972003658750e-03
3.567006850821506300e-03
1.215999025797669976e-02
7.688061927195906364e-04
1.966058933417117816e-04
1.462567421628363853e-03
8.549010977123483804e-03
1.495033730183162324e-01
1.743382263711716011e-03
2.086807191384325907e-03
1.102534745637610803e-04
7.488145626289826728e-04
6.713095753590989936e-05
1.276419269279164062e-03
4.322882507409536376e-03
9.406929090867609949e-03
4.883925980584497006e-02
1.394184728327871881e-01
3.760136600848741498e-04
6.984657737213928377e-04
1.831341872700437481e-02
9.093223536219111752e-03
2.233749470864554963e-03
1.992347233856083693e-04
5.824084674164140300e-04
7.971939730009604784e-04
1.417938879304405861e-03
1.394303252556300258e-03
1.311067332933424888e-02
2.299259320848185406e-01
8.046136789237177955e-02
1.753486753199856238e-02
5.490324367893806116e-03
1.737919627798265726e-02
6.629202581786000764e-06
3.008939725935324064e-02
5.309372448052626092e-01
3.059100470258147020e-01
2.282551002077415694e-02
1.235704954230863284e-04
6.939038912000405771e-04
4.657167196157503686e-03
6.315527222440830762e-04
1.142487372590057928e-04
2.324686998640035016e-02
5.475513977222460499e-04
2.144739746134362302e-03
4.509154874167601613e-03
7.505715221763837371e-04
4.885343708742236231e-03
1.570274886673087521e-04
1.399759348375878391e-02
5.064998761383179837e-03
9.595385505113586270e-04
1.000003374406287643e-01
4.553171130934681732e-01
1.793873381170998232e-02
1.468697889962230791e-03
6.029226352931696398e-03
8.973272043603468240e-05
8.742280638740847210e-02
6.339628496822646104e-04
2.431095461444266956e-02
1.356475525284486228e-01
2.394839291763120603e-01
1.175839194205044328e-03
1.999098174553989304e-01
1.879234138193121902e-03
2.257196251916403858e-04
4.541026802429274159e-03
1.134211829886832716e-04
9.413148871529732065e-02
1.814541059189769731e-05
1.000766460808266239e-04
1.291040471466147670e-04
2.222405598198206136e-04
7.608318229047182244e-04
1.448713355892432449e-02
6.319694815652169770e-03
2.133590481631046989e-02
5.903945005802616053e-03
2.984242486930727689e-01
1.090779117290509651e-02
1.480796959106127082e-04
2.369471114490487675e-04
4.883240933057655941e-02
7.601573197074470056e-05
4.338728693470358423e-03
5.787850327695295578e-04
2.910540321927952050e-04
2.789827485875051236e-02
2.485460863754599412e-04
3.584693566718655938e-02
4.948653159041774968e-02
4.010971426272689350e-03
5.190035004543657512e-04
2.032414272698310556e-02
3.747753323322133151e-02
4.801420660186213676e-03
2.906356727452040142e-02
6.180424663371338230e-03
4.851147627094048336e-04
1.396533928147583245e-03
3.253550786641091802e-04
1.136505030395357392e-02
1.385674239899613244e-05
3.875397762295465509e-03
9.036339855256512532e-05
7.866494487207708773e-04
3.967804341527164103e-01
1.248983013557604903e-02
2.623199616464924784e-03
1.716384690354006055e-04
1.415903089989338720e-03
8.631625010539618198e-03
1.138292273003790748e-03
3.410686070394495801e-03
9.365466993993114622e-03
1.396359913393013525e-04
1.363679595707762739e-02
2.878968933800909319e-02
9.553566766103319674e-01
5.241474915954716929e-01
8.903483210100509027e-01
8.353002707488024203e-01
8.670707290050627680e-01
6.052298896891704361e-02
3.099448625468809726e-01
3.483363081012532669e-01
9.565342987252791751e-01
3.885931958339956110e-02
6.553724299445106150e-01
5.978130210554052359e-01
4.465584599311644282e-02
9.651142497904888762e-01
8.467511173600643648e-01
2.745848117792375892e-02
8.246597450250970907e-01
6.705831733187904709e-01
7.586874958744761477e-01
6.246350064256149803e-01
3.262250236266363568e-01
9.872531216489011108e-01
8.927637718434087155e-01
9.096136232526445820e-02
7.861906390708235381e-01
6.603972655955054893e-01
4.868623561232324204e-01
6.446891249508420740e-01
8.842676049529748505e-01
4.171338065931886052e-01
2.085086390957840430e-01
7.987355197736469847e-01
1.195570740247373226e-01
9.250429340532049238e-01
9.924941016436321650e-01
1.562291539363920567e-01
9.306346173672470634e-01
1.382853085480590105e-01
7.604537184591803056e-01
2.423467126210667455e-01
5.525541322023418411e-01
4.223781883462916081e-02
3.271112260012939976e-01
7.969189524659042734e-01
9.103455296894756577e-02
5.517229886880372636e-01
6.494145965140947219e-01
6.118664609586222936e-01
9.673880506959471326e-01
9.771904890787286302e-01
7.636923042085389524e-01
3.476054239149998781e-01
1.848012406275474362e-01
9.219075287311588873e-01
4.190129404628573639e-01
7.598626973504141180e-01
2.453050677524257206e-01
2.005535284473052293e-01
9.871582709348323270e-01
5.075717329616010742e-01
8.761070773651443711e-01
8.511029051833488568e-01
9.557804178504097914e-01
1.379345302595760825e-01
2.683616450634352946e-01
2.243015285231600431e-01
3.053846663602710620e-02
1.951105039880217662e-01
5.833628375651485065e-01
3.605765714951564838e-01
1.255236537869496571e-01
3.471886461029243254e-01
6.514710661807509018e-01
1.205921553624876019e-01
1.338294489427525324e-01
9.620798586110681505e-01
4.976247543938512319e-01
9.217718942703529983e-01
6.009599849450550924e-01
9.935318002764509382e-01
2.788886267470316316e-01
7.774067928570671526e-01
6.747608847969541745e-01
7.521273471543269418e-01
3.907129210591366308e-01
5.631961091264625630e-01
1.204458835642706199e-01
5.438867453940308128e-01
3.249662058675917981e-02
5.582294837020023159e-01
2.916186584849658203e-01
4.784627781302344673e-02
9.084801158469527627e-01
2.792693651355268036e-01
3.322850748822600009e-01
6.144286514087663464e-01
4.315686633356530244e-01
5.333394870496641627e-01
9.292983045603601111e-01
6.645497029507205777e-01
