6.883937272190086831e-02
5.602416239985200663e-01
3.243537450218450524e-01
5.848447829111195345e-02
4.175517631427109744e-01
1.239023807567080221e-01
9.872933054100156980e-01
2.519612509135566447e-01
4.193340659262363712e-02
2.304127210724681851e-01
8.128857749990611170e-01
6.210078789622220513e-02
1.540195478206459467e-01
2.117166513048779897e-01
8.635066076855519857e-01
5.148282265251166029e-02
2.490627124570499173e-01
4.584875785217671362e-01
8.721957239096181924e-01
1.621044780415446807e-01
2.106486045220896663e-01
3.454002193711536856e-02
2.882705238518094015e-01
5.169235313706294077e-01
1.162629711705090302e-01
3.715151804920885370e-01
2.952958704905692122e-01
2.485324575056261850e-02
2.175873285120871400e-02
1.384153359172602960e-01
3.369385957066962228e-02
8.888053277546574538e-02
3.196613427152865394e-02
2.665703443298297337e-01
8.088768495802262093e-01
4.777425571715208097e-01
6.244027967651544220e-02
7.427454205485543026e-01
1.283801225900420284e-01
4.311938944833203224e-02
2.877462502924832966e-01
6.862624637447337639e-01
8.814429929952101450e-02
9.594477591390308813e-02
7.572640015444284112e-01
3.472130695899879049e-02
2.258390393794535711e-01
7.910966305587811831e-02
6.193535640963270666e-02
3.649412180473805001e-01
9.452745880556391311e-01
2.546063673622525614e-01
8.967044614478917319e-01
5.992444832232902696e-01
6.328756586138576390e-01
9.332731042839004232e-01
4.622048027975224072e-01
4.023340062650377913e-01
6.403028259088131557e-01
8.162532757289405749e-01
8.167173501458344642e-01
7.061522998874837365e-01
1.867620570345353281e-01
9.125370429465667899e-01
8.545579620364824880e-01
7.976761831496921307e-01
7.882652657760818027e-01
8.869606653396258089e-01
4.725732048558303200e-01
8.451869202898147915e-01
9.642785741984862824e-01
3.772555961944623060e-01
6.645312261205992277e-01
5.553966726827979095e-01
7.811332493201128546e-01
9.052159131313420870e-01
8.830093959024404304e-01
6.446565862441953065e-01
9.507066988048296086e-01
3.103460926138638665e-01
1.659922431925726083e-01
9.924846098399421335e-01
8.283642094570994319e-01
9.169060653881595524e-01
6.180552885921334338e-01
8.433156151845172532e-01
8.267252943901908235e-01
6.781729877784861138e-01
7.441550823592968378e-01
9.697712341815527548e-01
3.006864592199106623e-01
6.045700836567257097e-01
5.720228145250315643e-01
6.429795392108866858e-01
7.547487765921458980e-01
6.889427896822281072e-01
7.382742697227887563e-01
7.189431605869580633e-01
9.430509415648383742e-01
5.091865690887615870e-01
