8.395904805475384869e-02
4.127474847459216001e-01
2.118093946232136315e-01
6.138587411207620942e-02
4.316272244597276209e-01
1.892561908945387117e-01
9.996471633494986575e-01
1.700224065388460382e-01
4.510927743762944281e-02
3.194437828482700192e-01
8.113774521215857405e-01
6.280052472662915608e-02
2.777037319610956567e-01
1.717340728619432821e-01
9.388549813968757318e-01
6.148189367990170018e-02
2.134252972782161584e-01
3.052310032745444990e-01
7.764684231357089628e-01
1.797198596810070104e-01
2.535053649212291593e-01
4.592825500503298908e-02
1.907898312249244888e-01
3.624216113831765784e-01
1.158860787488129179e-01
3.031924855514853134e-01
4.170681692204756263e-01
3.637059488689751291e-02
3.273328218926582767e-02
1.249457434063602351e-01
4.877988776256539372e-02
8.181545991543763552e-02
4.169695540508568110e-02
2.281170582426914895e-01
7.361964364975334130e-01
3.598741997774859702e-01
7.438386154258253002e-02
4.661250640564356118e-01
1.009596735213267593e-01
4.905078546236120440e-02
2.394332000215405876e-01
4.266533136355883937e-01
7.963051056093983782e-02
9.596471708733353423e-02
9.144104803816199833e-01
4.383915829265564584e-02
1.643796444968775861e-01
8.681197125748896237e-02
7.182849701863013026e-02
2.407152350417843534e-01
9.997969250500183813e-01
1.932322024124885351e-01
9.996727493184541791e-01
3.894795305480469594e-01
8.518374023871063683e-01
8.968113753827603452e-01
7.202721838801640075e-01
6.053467076944092362e-01
6.427848646827539758e-01
9.497304751318631499e-01
8.275765351271726633e-01
8.430963746636154221e-01
1.820338866279604118e-01
8.807313449607899747e-01
9.644594144019575932e-01
6.514059163389207541e-01
8.289144772305424569e-01
9.986069418075437243e-01
3.793487150252313200e-01
9.482520872000372858e-01
9.774244055459100355e-01
3.118115878923432560e-01
6.300748772037785272e-01
4.262022372284379190e-01
8.020874016528670714e-01
9.912835971431717130e-01
7.102157141088294434e-01
4.702087059618238474e-01
9.820117275780287924e-01
2.498708311900895984e-01
1.602604774615506711e-01
9.998601029632508963e-01
9.681688090532215574e-01
9.343402504690533350e-01
5.085322587282836704e-01
8.780018454021615293e-01
8.046773792381546331e-01
6.498029982417143913e-01
7.525090013361812602e-01
9.999454455473182346e-01
2.342785621865952628e-01
7.147137894399313574e-01
6.953309164793417541e-01
8.041847375549566745e-01
8.354013943083593574e-01
5.220584666355955195e-01
5.029738322427939057e-01
7.232956783275350521e-01
9.979439236792470025e-01
4.142511772696505501e-01
