1.849953315745420657e-01
1.220791125938297111e-01
1.207852807666393025e-01
1.228427167186692814e-01
9.455383331479292330e-01
9.166822327213073329e-01
3.093723092732101887e-01
9.361829091467755576e-03
2.275558586664093164e-01
1.893130691794405185e-01
1.697399247605791417e-01
1.204080256539675764e-01
8.265533118064254392e-01
9.178534658265738444e-02
8.516397147207382945e-01
3.987169859673892619e-02
2.916344812182916635e-01
1.510439852087700485e-01
2.708835849203845014e-01
6.273139515110773279e-02
1.450786901093542858e-01
2.209632002430987896e-01
1.217282282474137084e-01
4.457694137584230359e-02
2.213137529444220153e-01
2.223133583590823359e-01
3.785960676219611298e-01
9.805251437621913257e-02
9.844233408967402454e-02
1.150523460196197362e-01
4.122508282765696142e-01
5.835676412263466339e-01
7.013396980058153596e-02
1.849199317646951224e-01
7.390333258623404955e-02
2.900645561991962995e-01
3.640263862590483734e-01
2.808386170839163865e-01
1.038725345601700795e-01
1.818640818710852078e-02
2.285281390610841845e-01
6.809466223580448729e-02
2.028854495775957723e-01
3.156093254923152958e-01
8.909837014707359948e-02
2.237065358719177166e-01
2.562076736663603804e-01
3.695713624183822460e-02
1.410424722829054234e-01
1.568386859770861119e-01
9.317855723061104767e-01
7.358836282086395064e-01
7.833305566835828682e-01
8.592675214814914364e-01
5.865927270749954348e-01
8.451064964058968565e-01
9.096532627388747017e-01
6.675485772955948027e-01
6.507423291523943831e-01
9.565950882221728735e-01
8.962023750354429774e-01
4.227020761049676834e-01
9.773337702104999414e-01
6.752938678087312407e-01
5.098909816944099394e-01
9.794628782472647455e-01
9.524517899378565078e-01
8.125922148087356689e-01
9.021820072856100436e-01
4.216910704075402805e-01
6.252297808940491253e-01
4.783866382213453061e-01
3.509581970034558185e-01
9.847919117435476322e-01
2.575119934456142623e-01
8.466291347383322341e-01
8.244665128237235185e-01
7.249136148134579516e-01
8.390147163044289758e-02
7.632555635031826879e-01
7.534911300435118697e-01
8.903322701471078071e-01
8.931204490366533300e-01
9.624907442864021334e-01
7.666126860321448300e-01
9.547908289977919960e-01
9.955925528292263182e-01
4.095736122564287984e-01
9.809345546200202159e-01
8.975747102882623008e-01
7.353312195589915001e-01
4.907089575955917993e-01
5.643886862556432016e-01
8.609824545155282394e-01
2.190553020408426421e-01
9.477372841414765103e-01
8.910611589494927820e-01
6.731991982557921084e-01
8.274172585380945577e-01
9.788009625145699388e-01
